%YAML:1.0
camera_matrix: !!opencv-matrix
   rows: 3
   cols: 3
   dt: d
   data: [ 5.3907774997242666e+02, 0., 3.1333345836445864e+02, 0.,
       5.3848729722112012e+02, 2.3673852381089335e+02, 0., 0., 1. ]
distortion_coefficients: !!opencv-matrix
   rows: 5
   cols: 1
   dt: d
   data: [ 7.3936202562112238e-02, -3.0269776817511501e-01,
       -7.7269575900313974e-04, -2.6920258731211759e-03,
       3.0130383091515445e-01 ]
warpMatrix: !!opencv-matrix
   rows: 3
   cols: 3
   dt: d
   data: [ -8.4896926160364328e-01, -1.3069282678333516e+00,
       5.5630506360361073e+02, 2.0056766901706422e-02,
       -4.8292140369050696e+00, 1.5892618559604034e+03,
       1.5701710901330741e-05, -4.4406343976524289e-03, 1. ]
Ratio: 6.2500000000000000e-01
yOffset: 500
scale: 1.
CalPoints0: [ 2.0655453491210938e+02, 3.6958047485351562e+02 ]
CalPoints1: [ 4.4590277099609375e+02, 3.7063082885742188e+02 ]
CalPoints2: [ 1.7241116333007812e+02, 4.1832482910156250e+02 ]
CalPoints3: [ 4.9326391601562500e+02, 4.1982595825195312e+02 ]
Distance2PointMM: 64
DistanceCarToCalPattern: 355
CoordinatesBirdView: [ -2.2857142639160156e+02, 3.4071429443359375e+02 ]
MmPerPixel: 7.1428571428571430e-01
PointsHeight: 5
PointsWidth: 8
