%YAML:1.0
camera_matrix: !!opencv-matrix
   rows: 3
   cols: 3
   dt: d
   data: [ 1.0859476616668044e+03, 0., 6.4060169524242315e+02, 0.,
       1.0860747399398531e+03, 5.0877901009119904e+02, 0., 0., 1. ]
distortion_coefficients: !!opencv-matrix
   rows: 5
   cols: 1
   dt: d
   data: [ 6.3554530407327225e-02, -2.7332149068092199e-01,
       -8.4528835345192802e-04, 1.9506822522701046e-03,
       2.9142574583251746e-01 ]
warpMatrix: !!opencv-matrix
   rows: 3
   cols: 3
   dt: d
   data: [ -4.2660240520668297e-01, -1.3229145186586413e+00,
       9.1462496326141195e+02, -1.6234351576970632e-03,
       -3.5733732434818957e+00, 2.1765248667141764e+03,
       -8.5896040089726954e-06, -2.0541652864140576e-03, 1. ]
