%YAML:1.0
camera_matrix: !!opencv-matrix
   rows: 3
   cols: 3
   dt: d
   data: [ 1.0859476616668044e+03, 0., 6.4060169524242315e+02, 0.,
       1.0860747399398531e+03, 5.0877901009119904e+02, 0., 0., 1. ]
distortion_coefficients: !!opencv-matrix
   rows: 5
   cols: 1
   dt: d
   data: [ 6.3554530407327225e-02, -2.7332149068092199e-01,
       -8.4528835345192802e-04, 1.9506822522701046e-03,
       2.9142574583251746e-01 ]
warpMatrix: !!opencv-matrix
   rows: 3
   cols: 3
   dt: d
   data: [ -5.1757821499330525e-01, -1.3736810579182521e+00,
       9.8355563746946541e+02, 5.7523430463390923e-15,
       -3.6429525871998782e+00, 2.2377680504998998e+03,
       7.8333606962077695e-18, -2.1195226466387083e-03, 1. ]
