%YAML:1.0
calibration_time: "So 18 Okt 2015 20:42:55 CEST"
nframes: 10
image_width: 1280
image_height: 1024
board_width: 10
board_height: 7
square_size: 1.0000000149011612e-01
flags: 0
camera_matrix: !!opencv-matrix
   rows: 3
   cols: 3
   dt: d
   data: [ 1.0859476616668044e+03, 0., 6.4060169524242315e+02, 0.,
       1.0860747399398531e+03, 5.0877901009119904e+02, 0., 0., 1. ]
distortion_coefficients: !!opencv-matrix
   rows: 5
   cols: 1
   dt: d
   data: [ 6.3554530407327225e-02, -2.7332149068092199e-01,
       -8.4528835345192802e-04, 1.9506822522701046e-03,
       2.9142574583251746e-01 ]
avg_reprojection_error: 5.9504368050656764e-01
per_view_reprojection_errors: !!opencv-matrix
   rows: 10
   cols: 1
   dt: f
   data: [ 9.95421171e-01, 2.61096030e-01, 1.72624230e-01,
       4.71577227e-01, 5.31614482e-01, 1.06498575e+00, 3.28691542e-01,
       3.32124114e-01, 4.19367015e-01, 6.46938264e-01 ]
extrinsic_parameters: !!opencv-matrix
   rows: 10
   cols: 6
   dt: d
   data: [ 7.0849601968148782e-03, 3.9616121814189595e-02,
       -3.1096938194190642e+00, 4.5262494337001274e-01,
       4.4057150307304094e-01, 1.4590018266453866e+00,
       2.8482182630433428e-01, -5.5117651550428998e-02,
       -3.0591521623428659e+00, 4.7955297057703894e-01,
       4.6497596832256261e-01, 1.4903441953003687e+00,
       2.2868207878138563e-01, -8.1793878140785134e-02,
       -3.0693791238030355e+00, 4.9535212634607095e-01,
       4.6684348871471498e-01, 1.4806191417797314e+00,
       2.4880568763764166e-01, -1.5017645689176359e-01,
       -3.0577125657927504e+00, 5.0583818331136066e-01,
       4.6939160742476538e-01, 1.4603013551473953e+00,
       2.2889593282865595e-01, -5.3414208496743532e-01,
       -2.9943480416844448e+00, 5.7597386342935297e-01,
       3.9413220594228210e-01, 1.1598026695292605e+00,
       -5.7260827096696089e-02, 3.2902049609461774e-03,
       -3.0882183372879481e+00, 6.4337168681561197e-01,
       4.2030179053614664e-01, 1.2508022543548958e+00,
       -5.5447574715570980e-01, -8.1628629704622035e-02,
       -3.0309131168876799e+00, 5.1429283807093418e-01,
       4.5351594188565525e-01, 1.1938733848943386e+00,
       -5.7396315735561032e-01, -6.7364093543877318e-02,
       -3.0184362593497824e+00, 5.2059633048738552e-01,
       4.5867917705201278e-01, 1.1895941359011664e+00,
       -6.3360387365962412e-01, -1.1685474668822288e-01,
       -2.9909807129999373e+00, 4.9553761109943972e-01,
       4.5935718188444946e-01, 1.1484341929240423e+00,
       -6.5992673558872872e-01, -3.2958844436777729e-01,
       -2.9376097395792526e+00, 4.1003130819727418e-01,
       4.4743757341639179e-01, 1.0727741390033618e+00 ]
