%YAML:1.0
calibration_time: "So 18 Okt 2015 20:36:35 CEST"
nframes: 10
image_width: 640
image_height: 480
board_width: 10
board_height: 7
square_size: 1.0000000149011612e-01
flags: 0
camera_matrix: !!opencv-matrix
   rows: 3
   cols: 3
   dt: d
   data: [ 5.3907774997242666e+02, 0., 3.1333345836445864e+02, 0.,
       5.3848729722112012e+02, 2.3673852381089335e+02, 0., 0., 1. ]
distortion_coefficients: !!opencv-matrix
   rows: 5
   cols: 1
   dt: d
   data: [ 7.3936202562112238e-02, -3.0269776817511501e-01,
       -7.7269575900313974e-04, -2.6920258731211759e-03,
       3.0130383091515445e-01 ]
avg_reprojection_error: 3.7183250175156674e-01
per_view_reprojection_errors: !!opencv-matrix
   rows: 10
   cols: 1
   dt: f
   data: [ 3.41022938e-01, 2.63964802e-01, 2.80693322e-01,
       8.20072532e-01, 2.71031350e-01, 2.19943777e-01, 2.69958615e-01,
       2.87940502e-01, 2.52162129e-01, 3.22654516e-01 ]
extrinsic_parameters: !!opencv-matrix
   rows: 10
   cols: 6
   dt: d
   data: [ -8.9467706855808626e-02, 2.8221544688455981e-02,
       -3.1334226053127074e+00, 7.3609419538073706e-01,
       4.2275809784921781e-01, 1.3139205069838955e+00,
       -1.4125178678860870e-01, 2.3017758255374561e-02,
       -3.0685448264519772e+00, 7.0592486994675685e-01,
       4.5651902403227440e-01, 1.3669109912323496e+00,
       7.3478095714113734e-02, -1.4151008423411372e-02,
       -3.0486757032644207e+00, 7.3104814408103902e-01,
       4.6375071567809950e-01, 1.4077542132668848e+00,
       1.4064786457535344e-01, 4.3272993934904268e-02,
       -3.0835148259797909e+00, 4.6382057385704745e-01,
       4.1418817201465696e-01, 1.2928098525597804e+00,
       4.7269680561878047e-01, -1.2983349796024213e-02,
       -3.0597404706193143e+00, 3.8263969874209092e-01,
       3.9295089706658853e-01, 1.4431158475626704e+00,
       -6.4134344021518563e-01, 2.7214764914163131e-01,
       3.0513844976301492e+00, 4.4297743723883898e-01,
       3.7667098505860258e-01, 1.3363470645831292e+00,
       -5.6107213381278953e-01, 3.4911113936069366e-01,
       3.0491565480967902e+00, 4.9108842805035047e-01,
       2.6431282988844368e-01, 1.2299771079581856e+00,
       4.0211900670204820e-01, -2.7852647209478892e-01,
       -3.0999345728177579e+00, 4.6635150789708690e-01,
       2.8999623316169826e-01, 1.3665600072071684e+00,
       -3.7421639824974717e-01, 1.3797718347467344e-01,
       3.0731906460351999e+00, 3.8181414314047185e-01,
       2.9564330929183213e-01, 1.4714617575095317e+00,
       -3.3758410902525654e-01, 1.3458180555218366e-01,
       3.1147413352550934e+00, 4.0551351674647473e-01,
       3.2295569769504995e-01, 1.3915464081095861e+00 ]
