%YAML:1.0
calibration_time: "Do 15 Okt 2015 14:55:37 CEST"
nframes: 10
image_width: 640
image_height: 480
board_width: 10
board_height: 7
square_size: 1.0000000149011612e-01
flags: 0
camera_matrix: !!opencv-matrix
   rows: 3
   cols: 3
   dt: d
   data: [ 5.2855331258407114e+02, 0., 3.1675289994943216e+02, 0.,
       5.2865732593290500e+02, 2.4171833283047445e+02, 0., 0., 1. ]
distortion_coefficients: !!opencv-matrix
   rows: 5
   cols: 1
   dt: d
   data: [ 4.9286889763950341e-02, -1.5215096920912916e-01,
       1.5270167090311538e-03, 1.3389556748812641e-03,
       -7.1205972009261752e-03 ]
avg_reprojection_error: 2.1055131536034147e-01
per_view_reprojection_errors: !!opencv-matrix
   rows: 10
   cols: 1
   dt: f
   data: [ 2.69134104e-01, 2.05786005e-01, 2.28689522e-01,
       2.12048724e-01, 1.97699279e-01, 2.01794654e-01, 2.14012593e-01,
       1.95958734e-01, 1.77587196e-01, 1.89022347e-01 ]
extrinsic_parameters: !!opencv-matrix
   rows: 10
   cols: 6
   dt: d
   data: [ -2.8084303830676793e-01, 1.3052798694560350e-01,
       -9.9694482272239329e-02, -6.9619369599246184e-01,
       -1.8489932930646005e-01, 1.4341727094489687e+00,
       -3.3755749121868872e-01, 1.7054263182026116e-01,
       -3.5426382929727884e-02, -6.1508455110011695e-01,
       -1.7695221124840260e-01, 1.7362219107902044e+00,
       -2.5995810334119662e-01, -4.6634102583430752e-02,
       -7.8830863064403331e-02, -4.9717272062210432e-01,
       -1.9199979722134702e-01, 1.6456745060677964e+00,
       -2.5645776395244746e-01, -2.6370535198560985e-01,
       -3.7726546030831073e-02, -3.9436721260252333e-01,
       -2.1949558610994982e-01, 1.5925284965864916e+00,
       -2.1978050215193703e-01, -1.8148025847454816e-01,
       -5.1589628965217210e-02, -3.8654829602095425e-01,
       -2.0966187398444419e-01, 1.6716763245471504e+00,
       -1.7403956341231769e-01, -2.3026655074786578e-01,
       -4.4811051542705455e-02, -3.3104922138432769e-01,
       -2.1730017467511825e-01, 1.7036972970733331e+00,
       -1.8408731879240453e-01, -2.4556138364147018e-01,
       -2.9299867367805803e-02, -3.1778176059461988e-01,
       -2.2246354277312297e-01, 1.7090337320187252e+00,
       -2.4720939235980247e-01, -2.5254388284923185e-01,
       -3.7369494165665304e-02, -3.3007254970292227e-01,
       -2.1320840202852800e-01, 1.7485481760434107e+00,
       -4.1622461089697771e-01, -2.6274839277261453e-01,
       -3.4967066863306098e-02, -3.5410802959311455e-01,
       -1.8266880978732819e-01, 1.8591422617457389e+00,
       -4.2493078484339269e-01, -2.7734377906043178e-01,
       -3.4662786953415389e-02, -3.5541093287236381e-01,
       -1.8096436205578079e-01, 1.8570574339320745e+00 ]
