%YAML:1.0
camera_matrix: !!opencv-matrix
   rows: 3
   cols: 3
   dt: d
   data: [ 5.3343065017802621e+02, 0., 3.1837723895842129e+02, 0.,
       5.3343892929344190e+02, 2.4025444082382100e+02, 0., 0., 1. ]
distortion_coefficients: !!opencv-matrix
   rows: 5
   cols: 1
   dt: d
   data: [ 9.8954886744288664e-02, -4.4105060964795573e-01,
       5.0760561067087645e-04, 1.0644945657647521e-03,
       4.8842362919528831e-01 ]
warpMatrix: !!opencv-matrix
   rows: 3
   cols: 3
   dt: d
   data: [ -3.0515238301086250e-01, -1.4742656740806477e+00,
       4.1493939575027696e+02, 1.0355830720285703e-02,
       -2.8928431172828848e+00, 7.8271327996301045e+02,
       9.1724693611563860e-06, -4.6958358972589076e-03, 1. ]
Ratio: 5.7286000251770020e-01
yOffset: 470
scale: 2.7000000000000002e-01
CalPoints0: [ 2.0852983093261719e+02, 3.8747976684570312e+02 ]
CalPoints1: [ 4.8043029785156250e+02, 3.8933953857421875e+02 ]
CalPoints2: [ 1.6055252075195312e+02, 4.5739822387695312e+02 ]
CalPoints3: [ 5.4244152832031250e+02, 4.6076425170898438e+02 ]
Distance2PointM: 5.0000000000000003e-02
DistanceCarToCalPattern: 2.7600000000000002e-01
CoordinatesBirdView: [ -1.0980392694473267e+00, 2.4168626964092255e-01 ]
MPerPixel: 3.4313725490196082e-03
PointsHeight: 5
PointsWidth: 8
ImgSize: [ 640, 480 ]
