%YAML:1.0
camera_matrix: !!opencv-matrix
   rows: 3
   cols: 3
   dt: d
   data: [ 5.3907774997242666e+02, 0., 3.1333345836445864e+02, 0.,
       5.3848729722112012e+02, 2.3673852381089335e+02, 0., 0., 1. ]
distortion_coefficients: !!opencv-matrix
   rows: 5
   cols: 1
   dt: d
   data: [ 7.3936202562112238e-02, -3.0269776817511501e-01,
       -7.7269575900313974e-04, -2.6920258731211759e-03,
       3.0130383091515445e-01 ]
warpMatrix: !!opencv-matrix
   rows: 3
   cols: 3
   dt: d
   data: [ -1.1839543891669666e+00, -1.4410861721247294e+00,
       6.8910784986778549e+02, 4.3415460963847255e-02,
       -4.6693841120584150e+00, 1.6826666069266635e+03,
       4.3075021715899644e-05, -4.7462487459161620e-03, 1. ]
Ratio: 6.2500000000000000e-01
yOffset: 400
scale: 1.
CalPoints0: [ 1.9546142578125000e+02, 3.9017758178710938e+02 ]
CalPoints1: [ 4.7173611450195312e+02, 3.9275784301757812e+02 ]
CalPoints2: [ 1.4235943603515625e+02, 4.6425402832031250e+02 ]
CalPoints3: [ 5.3458135986328125e+02, 4.6796060180664062e+02 ]
Distance2PointM: 5.0700000000000002e-02
DistanceCarToCalPattern: 2.8000000000000003e-01
CoordinatesBirdView: [ -2.8971427679061890e-01, 2.0757143199443817e-01 ]
MPerPixel: 9.0535714285714286e-04
PointsHeight: 5
PointsWidth: 8
ImgSize: [ 640, 480 ]
