%YAML:1.0
calibration_time: "Mi 04 Nov 2015 16:38:42 CET"
nframes: 10
image_width: 640
image_height: 480
board_width: 10
board_height: 7
square_size: 1.0000000149011612e-01
flags: 0
camera_matrix: !!opencv-matrix
   rows: 3
   cols: 3
   dt: d
   data: [ 5.3343065017802621e+02, 0., 3.1837723895842129e+02, 0.,
       5.3343892929344190e+02, 2.4025444082382100e+02, 0., 0., 1. ]
distortion_coefficients: !!opencv-matrix
   rows: 5
   cols: 1
   dt: d
   data: [ 9.8954886744288664e-02, -4.4105060964795573e-01,
       5.0760561067087645e-04, 1.0644945657647521e-03,
       4.8842362919528831e-01 ]
avg_reprojection_error: 1.1070379829488359e+00
per_view_reprojection_errors: !!opencv-matrix
   rows: 10
   cols: 1
   dt: f
   data: [ 2.70884752e-01, 1.67596847e-01, 2.00225547e-01,
       3.34203577e+00, 2.47786850e-01, 2.64555216e-01, 4.78869259e-01,
       3.76794636e-01, 4.02319580e-01, 5.29180348e-01 ]
extrinsic_parameters: !!opencv-matrix
   rows: 10
   cols: 6
   dt: d
   data: [ 1.3766636151612183e-01, -2.4869943611283230e-01,
       -1.4635326268208435e-01, -7.0569101727719874e-01,
       -1.2913212088731058e-01, 1.2238172070378337e+00,
       1.1833383955885574e-01, -3.1374248509446812e-01,
       -1.3551552901815370e-01, -6.3323621114751849e-01,
       -1.2597799969199852e-01, 1.3543667191013140e+00,
       6.3438534983428427e-02, -8.0742563482686336e-01,
       -1.3241143282558504e-01, -6.1565963207522845e-01,
       -1.4477302711514120e-01, 1.1507878947317487e+00,
       1.0183948307094653e-01, -1.2961707630437727e+00,
       -2.2004187453645979e-01, -3.6760711236679422e-01,
       -1.3977188091501963e-01, 1.0037521569889936e+00,
       -3.8266771048050635e-01, -7.8618807839171545e-01,
       -2.4672683764319561e-01, -6.2803544662214972e-01,
       -3.1403598702774249e-01, 1.0882231715021418e+00,
       -1.6103658550238636e-02, -3.4717213134249464e-01,
       -1.4752603682974930e-01, -7.1693691625523492e-01,
       -2.4777446377996901e-01, 1.2394514271789621e+00,
       2.6589264832540340e-02, 5.1524609880324812e-01,
       -7.4499994924332930e-02, -4.4234954388905612e-01,
       -1.9375318477234571e-01, 1.3180035319218908e+00,
       1.3049000944701480e-02, 3.0145775042110684e-01,
       -2.1769292025176364e-02, -4.9546441924613743e-01,
       -2.2137972047309126e-01, 1.2219324144985901e+00,
       -2.3246136878980556e-01, -6.3869531945359076e-02,
       -9.5835410802593890e-02, -4.9879712161475542e-01,
       -2.3502058041744170e-01, 1.1109390102149599e+00,
       -2.2512939400076903e-01, -2.4834883177433420e-01,
       -2.3343716525690988e-01, -4.9204041566697804e-01,
       -2.3185030177076699e-01, 9.1133954186267363e-01 ]
