%YAML:1.0
camera_matrix: !!opencv-matrix
   rows: 3
   cols: 3
   dt: d
   data: [ 5.3343065017802621e+02, 0., 3.1837723895842129e+02, 0.,
       5.3343892929344190e+02, 2.4025444082382100e+02, 0., 0., 1. ]
distortion_coefficients: !!opencv-matrix
   rows: 5
   cols: 1
   dt: d
   data: [ 9.8954886744288664e-02, -4.4105060964795573e-01,
       5.0760561067087645e-04, 1.0644945657647521e-03,
       4.8842362919528831e-01 ]
warpMatrix: !!opencv-matrix
   rows: 3
   cols: 3
   dt: d
   data: [ -1.0590778115479478e+00, -4.9648995399449882e+00,
       7.2136621983747023e+02, 2.6338065617018941e-01,
       -9.6644399727070827e+00, 1.2773170824826275e+03,
       3.8470708945322681e-04, -1.5828799926151670e-02, 1. ]
Ratio: 5.7286000251770020e-01
yOffset: 433
scale: 3.1000000000000000e-01
CalPoints0: [ 2.3061053466796875e+02, 2.4487800598144531e+02 ]
CalPoints1: [ 4.9211328125000000e+02, 2.5318235778808594e+02 ]
CalPoints2: [ 1.8944111633300781e+02, 3.0693264770507812e+02 ]
CalPoints3: [ 5.4537200927734375e+02, 3.1919171142578125e+02 ]
Distance2PointM: 5.0000000000000003e-02
DistanceCarToCalPattern: 2.7600000000000002e-01
CoordinatesBirdView: [ -1.0181818008422852e+00, 1.2645454704761505e-01 ]
MPerPixel: 3.1818181818181819e-03
PointsHeight: 5
PointsWidth: 8
ImgSize: [ 640, 480 ]
