%YAML:1.0
calibration_time: "Do 29 Okt 2015 12:39:15 CET"
nframes: 10
image_width: 640
image_height: 480
board_width: 10
board_height: 7
square_size: 1.0000000149011612e-01
flags: 0
camera_matrix: !!opencv-matrix
   rows: 3
   cols: 3
   dt: d
   data: [ 5.2059400852571480e+02, 0., 3.2645476420283688e+02, 0.,
       5.2141237242946772e+02, 2.3992550916519772e+02, 0., 0., 1. ]
distortion_coefficients: !!opencv-matrix
   rows: 5
   cols: 1
   dt: d
   data: [ 9.8561115744111596e-02, -4.3599513228529491e-01,
       9.3579685751241537e-04, 3.0859727705662594e-03,
       4.6099854600883095e-01 ]
avg_reprojection_error: 1.3743193784296357e+00
per_view_reprojection_errors: !!opencv-matrix
   rows: 10
   cols: 1
   dt: f
   data: [ 4.31795716e-01, 2.67392129e-01, 2.36022413e-01,
       3.07370126e-01, 1.55767411e-01, 3.00791055e-01, 1.58601284e-01,
       1.73923805e-01, 3.10139775e+00, 2.94798207e+00 ]
extrinsic_parameters: !!opencv-matrix
   rows: 10
   cols: 6
   dt: d
   data: [ -2.5021443615997199e-02, 2.1248945485051859e-01,
       3.0956096342960798e-01, -4.0513206399891123e-02,
       -6.1061396500883147e-01, 1.5802809426850633e+00,
       4.6160367496195433e-02, 2.2186730244061753e-01,
       5.1033051227551092e-02, 7.5887436320710355e-03,
       -3.8092686797637898e-01, 1.7696461894206312e+00,
       -1.1077274021451351e-01, 3.3134637303368530e-01,
       1.9791777994845705e-01, -1.0801690297974989e-01,
       -4.8074164063931712e-01, 1.8698574306128346e+00,
       -6.3965947594753311e-02, 2.8444703250076819e-01,
       1.5272224853228425e-01, -2.1828789897352574e-01,
       -4.4707412088124426e-01, 1.8539987548142600e+00,
       -3.5056343754849471e-02, -2.9792890621616208e-01,
       2.3347943931726953e-01, -3.3005513338711306e-01,
       -5.2677925026792249e-01, 1.7946508225535804e+00,
       -1.8254334413846975e-02, 8.4846123166690612e-01,
       5.6240383569601739e-02, -1.8386187973532350e-01,
       -4.2572699767018501e-01, 1.6861640341162656e+00,
       9.4186410490659608e-02, 7.2346966134240531e-01,
       1.9580622330310996e-01, 1.9528219984466333e-01,
       -4.9518117523816219e-01, 2.0366065508033495e+00,
       8.5032661136738769e-02, 6.8229798692738641e-01,
       1.1844948900447867e-01, 4.4111054185415069e-02,
       -4.5749037064773401e-01, 2.0778940801119057e+00,
       -7.0753859120179383e-02, 1.2190157362032872e+00,
       1.3271952326903391e-01, 2.6687633543660216e-01,
       -4.3186551440039761e-01, 2.2223777566371381e+00,
       -2.8304636070342470e-01, 1.1164797029107663e+00,
       2.1304596246959862e-01, 2.5396274135220664e-01,
       -4.2830698928724836e-01, 2.2188869100073543e+00 ]
