%YAML:1.0
camera_matrix: !!opencv-matrix
   rows: 3
   cols: 3
   dt: d
   data: [ 5.3343065017802621e+02, 0., 3.1837723895842129e+02, 0.,
       5.3343892929344190e+02, 2.4025444082382100e+02, 0., 0., 1. ]
distortion_coefficients: !!opencv-matrix
   rows: 5
   cols: 1
   dt: d
   data: [ 9.8954886744288664e-02, -4.4105060964795573e-01,
       5.0760561067087645e-04, 1.0644945657647521e-03,
       4.8842362919528831e-01 ]
warpMatrix: !!opencv-matrix
   rows: 3
   cols: 3
   dt: d
   data: [-0.4420977973915486, -2.071082390953159, 452.4655029749032,
        -4.274358644806853e-15, -4.181843357441331, 850.5479713841078,
        -7.155734338404329e-18, -0.006659048819890477, 1.]
Ratio: 5.7286000251770020e-01
yOffset: 453
scale: 3.8000000000000000e-01
CalPoints0: [ 1.9683654785156250e+02, 3.6830294799804688e+02 ]
CalPoints1: [ 4.6596762084960938e+02, 3.7303231811523438e+02 ]
CalPoints2: [ 1.4800390625000000e+02, 4.3735070800781250e+02 ]
CalPoints3: [ 5.2477600097656250e+02, 4.4276266479492188e+02 ]
Distance2PointM: 5.0000000000000003e-02
DistanceCarToCalPattern: 7.7800000000000002e-01
CoordinatesBirdView: [ -7.8873240947723389e-01, 7.1145069599151611e-01 ]
MPerPixel: 0.0033333333333333333
PointsHeight: 5
PointsWidth: 8
ImgSize: [ 640, 480 ]
